  0%|                                                                                                                                                                                                         | 0/36 [00:00<?, ?it/s][0.06271783 0.18769433 0.16021498 0.14685244 0.13980336]
[0.0001049 0.0001049 0.0001049 0.0001049 0.0001049]
[0.0001049 0.0001049 0.0001049 0.0001049 0.0001049]
[0.0001049 0.0001049 0.0001049 0.0001049 0.0001049]
[0.0001049 0.0001049 0.0001049 0.0001049 0.0001049]
Optimal F_prime for r =  5.0 and R =  5 is:  1
[0.05018181 0.12925191 0.23072155 0.2040922  0.1895023 ]
[0.00021891 0.00021891 0.00021891 0.00021891 0.00021891]
[0.00021891 0.00021891 0.00021891 0.00021891 0.00021891]
[0.00021891 0.00021891 0.00021891 0.00021891 0.00021891]
[0.00021891 0.00021891 0.00021891 0.00021891 0.00021891]
Optimal F_prime for r =  4.4 and R =  5 is:  1
[0.04120702 0.04121146 0.26397876 0.23095559 0.21174469]
[0.00030853 0.00030853 0.00030853 0.00030853 0.00030853]
[0.00030853 0.00030853 0.00030853 0.00030853 0.00030853]
[0.00030853 0.00030853 0.00030853 0.00030853 0.00030853]
[0.00030853 0.00030853 0.00030853 0.00030853 0.00030853]
Optimal F_prime for r =  3.8 and R =  5 is:  1
[0.03258858 0.03258858 0.03258875 0.03282841 0.27090009]
[0.00115047 0.00115047 0.00115047 0.00115047 0.00115047]
[0.00115047 0.00115047 0.00115047 0.00115047 0.00115047]
[0.00115047 0.00115047 0.00115047 0.00115047 0.00115047]
[0.00115047 0.00115047 0.00115047 0.00115047 0.00115047]
Optimal F_prime for r =  2.0 and R =  10 is:  1
[0.03843133 0.03843203 0.09859343 0.27945613 0.25112861]
[0.00050801 0.00050801 0.00050801 0.00050801 0.00050801]
[0.00050801 0.00050801 0.00050801 0.00050801 0.00050801]
[0.00050801 0.00050801 0.00050801 0.00050801 0.00050801]
[0.00050801 0.00050801 0.00050801 0.00050801 0.00050801]
Optimal F_prime for r =  3.2 and R =  5 is:  1
[0.03542566 0.0354258  0.03544511 0.29430221 0.26629591]
[0.00062988 0.00062988 0.00062988 0.00062988 0.00062988]
[0.00062988 0.00062988 0.00062988 0.00062988 0.00062988]
[0.00062988 0.00062988 0.00062988 0.00062988 0.00062988]
[0.00062988 0.00062988 0.00062988 0.00062988 0.00062988]
Optimal F_prime for r =  2.6 and R =  5 is:  1
[0.08073133 0.16731509 0.15501671 0.14722647 0.14269363]
[6.82625711e-05 6.82625711e-05 6.82625711e-05 6.82625711e-05
 6.82625711e-05]
[6.82625711e-05 6.82625711e-05 6.82625711e-05 6.82625711e-05
 6.82625711e-05]
[6.82625711e-05 6.82625711e-05 6.82625711e-05 6.82625711e-05
 6.82625711e-05]
[6.82625711e-05 6.82625711e-05 6.82625711e-05 6.82625711e-05
 6.82625711e-05]
Optimal F_prime for r =  5.0 and R =  2 is:  1
[0.07211644 0.13505598 0.22190106 0.20586214 0.19603989]
[0.0001579 0.0001579 0.0001579 0.0001579 0.0001579]
[0.0001579 0.0001579 0.0001579 0.0001579 0.0001579]
[0.0001579 0.0001579 0.0001579 0.0001579 0.0001579]
[0.0001579 0.0001579 0.0001579 0.0001579 0.0001579]
Optimal F_prime for r =  4.4 and R =  2 is:  1
[0.03760029 0.03760032 0.03760676 0.05114455 0.32732755]
[0.00117375 0.00117375 0.00117375 0.00117375 0.00117375]
[0.00117375 0.00117375 0.00117375 0.00117375 0.00117375]
[0.00117375 0.00117375 0.00117375 0.00117375 0.00117375]
[0.00117375 0.00117375 0.00117375 0.00117375 0.00117375]
Optimal F_prime for r =  2.0 and R =  5 is:  1
[0.05484817 0.05488221 0.1556534  0.27297684 0.25489299]
[0.00041833 0.00041833 0.00041833 0.00041833 0.00041833]
[0.00041833 0.00041833 0.00041833 0.00041833 0.00041833]
[0.00041833 0.00041833 0.00041833 0.00041833 0.00041833]
[0.00041833 0.00041833 0.00041833 0.00041833 0.00041833]
Optimal F_prime for r =  3.2 and R =  2 is:  1
[0.06049123 0.06075536 0.25518611 0.23522996 0.22179767]
[0.00024861 0.00024861 0.00024861 0.00024861 0.00024861]
[0.00024861 0.00024861 0.00024861 0.00024861 0.00024861]
[0.00024861 0.00024861 0.00024861 0.00024861 0.00024861]
[0.00024861 0.00024861 0.00024861 0.00024861 0.00024861]
Optimal F_prime for r =  3.8 and R =  2 is:  1
[0.05118946 0.05119851 0.05174396 0.30401613 0.28477752]
[0.00067141 0.00067141 0.00067141 0.00067141 0.00067141]
[0.00067141 0.00067141 0.00067141 0.00067141 0.00067141]
[0.00067141 0.00067141 0.00067141 0.00067141 0.00067141]
[0.00067141 0.00067141 0.00067141 0.00067141 0.00067141]
Optimal F_prime for r =  2.6 and R =  2 is:  1
[0.05117943 0.05118233 0.05133918 0.1560381  0.33081956]
[0.00136424 0.00136424 0.00136424 0.00136424 0.00136424]
[0.00136424 0.00136424 0.00136424 0.00136424 0.00136424]
[0.00136424 0.00136424 0.00136424 0.00136424 0.00136424]
[0.00136424 0.00136424 0.00136424 0.00136424 0.00136424]
Optimal F_prime for r =  2.0 and R =  2 is:  1
  3%|█████                                                                                                                                                                                   | 1/36 [4:23:27<153:41:05, 15807.57s/it][0.03431682 0.03431698 0.25513832 0.21436972 0.1923729 ]
[0.0004141 0.0004141 0.0004141 0.0004141 0.0004141]
[0.0004141 0.0004141 0.0004141 0.0004141 0.0004141]
[0.0004141 0.0004141 0.0004141 0.0004141 0.0004141]
[0.0004141 0.0004141 0.0004141 0.0004141 0.0004141]
Optimal F_prime for r =  3.8 and R =  10 is:  1
[0.04065154 0.12431966 0.22613937 0.19260521 0.17537664]
[0.00030826 0.00030826 0.00030826 0.00030826 0.00030826]
[0.00030826 0.00030826 0.00030826 0.00030826 0.00030826]
[0.00030826 0.00030826 0.00030826 0.00030826 0.00030826]
[0.00030826 0.00030826 0.00030826 0.00030826 0.00030826]
Optimal F_prime for r =  4.4 and R =  10 is:  1
[0.03099096 0.03099096 0.03099177 0.26188518 0.23102445]
[0.00073416 0.00073416 0.00073416 0.00073416 0.00073416]
[0.00073416 0.00073416 0.00073416 0.00073416 0.00073416]
[0.00073416 0.00073416 0.00073416 0.00073416 0.00073416]
[0.00073416 0.00073416 0.00073416 0.00073416 0.00073416]
Optimal F_prime for r =  2.6 and R =  10 is:  1
 39%|███████████████████████████████████████████████████████████████████████▉                                                                                                                 | 14/36 [8:09:28<10:59:05, 1797.52s/it][0.05227762 0.20042945 0.15982773 0.14232645 0.13361344]
[0.00015746 0.00015746 0.00015746 0.00015746 0.00015746]
[0.00015746 0.00015746 0.00015746 0.00015746 0.00015746]
[0.00015746 0.00015746 0.00015746 0.00015746 0.00015746]
[0.00015746 0.00015746 0.00015746 0.00015746 0.00015746]
Optimal F_prime for r =  5.0 and R =  10 is:  1
[0.03303445 0.03303447 0.04719895 0.26216758 0.22822937]
[0.00068733 0.00068733 0.00068733 0.00068733 0.00068733]
[0.00068733 0.00068733 0.00068733 0.00068733 0.00068733]
[0.00068733 0.00068733 0.00068733 0.00068733 0.00068733]
[0.00068733 0.00068733 0.00068733 0.00068733 0.00068733]
Optimal F_prime for r =  3.2 and R =  10 is:  1
 42%|█████████████████████████████████████████████████████████████████████████████▌                                                                                                            | 15/36 [8:11:02<9:32:50, 1636.67s/it][0.03180922 0.03180922 0.03224074 0.22020321 0.18676196]
[0.00086537 0.00086537 0.00086537 0.00086537 0.00086537]
[0.00086537 0.00086537 0.00086537 0.00086537 0.00086537]
[0.00086537 0.00086537 0.00086537 0.00086537 0.00086537]
[0.00086537 0.00086537 0.00086537 0.00086537 0.00086537]
Optimal F_prime for r =  3.2 and R =  20 is:  1
[0.03641938 0.11035908 0.21248914 0.17433387 0.15571655]
[0.00043543 0.00043543 0.00043543 0.00043543 0.00043543]
[0.00043543 0.00043543 0.00043543 0.00043543 0.00043543]
[0.00043543 0.00043543 0.00043543 0.00043543 0.00043543]
[0.00043543 0.00043543 0.00043543 0.00043543 0.00043543]
Optimal F_prime for r =  4.4 and R =  20 is:  1
[0.03267727 0.03267727 0.23221457 0.18796132 0.16546972]
[0.0005498 0.0005498 0.0005498 0.0005498 0.0005498]
[0.0005498 0.0005498 0.0005498 0.0005498 0.0005498]
[0.0005498 0.0005498 0.0005498 0.0005498 0.0005498]
[0.0005498 0.0005498 0.0005498 0.0005498 0.0005498]
Optimal F_prime for r =  3.8 and R =  20 is:  1
[0.03112261 0.03112261 0.03112261 0.21531081 0.18558463]
[0.00088657 0.00088657 0.00088657 0.00088657 0.00088657]
[0.00088657 0.00088657 0.00088657 0.00088657 0.00088657]
[0.00088657 0.00088657 0.00088657 0.00088657 0.00088657]
[0.00088657 0.00088657 0.00088657 0.00088657 0.00088657]
Optimal F_prime for r =  2.6 and R =  20 is:  1
[0.04524975 0.20577026 0.15435107 0.13388414 0.124156  ]
[0.00023413 0.00023413 0.00023413 0.00023413 0.00023413]
[0.00023413 0.00023413 0.00023413 0.00023413 0.00023413]
[0.00023413 0.00023413 0.00023413 0.00023413 0.00023413]
[0.00023413 0.00023413 0.00023413 0.00023413 0.00023413]
Optimal F_prime for r =  5.0 and R =  20 is:  1
[0.03157145 0.03157145 0.03157145 0.03157291 0.20247785]
[0.00122985 0.00122985 0.00122985 0.00122985 0.00122985]
[0.00122985 0.00122985 0.00122985 0.00122985 0.00122985]
[0.00122985 0.00122985 0.00122985 0.00122985 0.00122985]
[0.00122985 0.00122985 0.00122985 0.00122985 0.00122985]
Optimal F_prime for r =  2.0 and R =  20 is:  1
 53%|██████████████████████████████████████████████████████████████████████████████████████████████████▏                                                                                       | 19/36 [8:14:17<5:06:02, 1080.17s/it][0.03304186 0.03304186 0.03304186 0.15555312 0.1307726 ]
[0.00105145 0.00105145 0.00105145 0.00105145 0.00105145]
[0.00105145 0.00105145 0.00105145 0.00105145 0.00105145]
[0.00105145 0.00105145 0.00105145 0.00105145 0.00105145]
[0.00105145 0.00105145 0.00105145 0.00105145 0.00105145]
Optimal F_prime for r =  2.6 and R =  50 is:  1
[0.03121797 0.03121797 0.03121797 0.03121797 0.1318924 ]
[0.00133498 0.00133498 0.00133498 0.00133498 0.00133498]
[0.00133498 0.00133498 0.00133498 0.00133498 0.00133498]
[0.00133498 0.00133498 0.00133498 0.00133498 0.00133498]
[0.00133498 0.00133498 0.00133498 0.00133498 0.00133498]
Optimal F_prime for r =  2.0 and R =  50 is:  1
 69%|█████████████████████████████████████████████████████████████████████████████████████████████████████████████████████████████████▊                                                         | 25/36 [8:21:11<1:58:31, 646.48s/it][0.03626286 0.06831266 0.18593923 0.14502693 0.12604187]
[0.00065073 0.00065073 0.00065073 0.00065073 0.00065073]
[0.00065073 0.00065073 0.00065073 0.00065073 0.00065073]
[0.00065073 0.00065073 0.00065073 0.00065073 0.00065073]
[0.00065073 0.00065073 0.00065073 0.00065073 0.00065073]
Optimal F_prime for r =  4.4 and R =  50 is:  1
[0.04070917 0.19981096 0.14182241 0.11973566 0.10968832]
[0.00036672 0.00036672 0.00036672 0.00036672 0.00036672]
[0.00036672 0.00036672 0.00036672 0.00036672 0.00036672]
[0.00036672 0.00036672 0.00036672 0.00036672 0.00036672]
[0.00036672 0.00036672 0.00036672 0.00036672 0.00036672]
Optimal F_prime for r =  5.0 and R =  50 is:  1
[0.0352596  0.0352596  0.18937626 0.14748107 0.12741452]
[0.00072116 0.00072116 0.00072116 0.00072116 0.00072116]
[0.00072116 0.00072116 0.00072116 0.00072116 0.00072116]
[0.00072116 0.00072116 0.00072116 0.00072116 0.00072116]
[0.00072116 0.00072116 0.00072116 0.00072116 0.00072116]
Optimal F_prime for r =  3.8 and R =  50 is:  1
[0.03314895 0.03314895 0.03314895 0.16027201 0.13254907]
[0.00103588 0.00103588 0.00103588 0.00103588 0.00103588]
[0.00103588 0.00103588 0.00103588 0.00103588 0.00103588]
[0.00103588 0.00103588 0.00103588 0.00103588 0.00103588]
[0.00103588 0.00103588 0.00103588 0.00103588 0.00103588]
Optimal F_prime for r =  3.2 and R =  50 is:  1
 75%|██████████████████████████████████████████████████████████████████████████████████████████████████████████████████████████████████████████▊                                              | 27/36 [11:52:20<4:01:40, 1611.14s/it][0.03292257 0.03292257 0.03292257 0.12557456 0.10386656]
[0.00112495 0.00112495 0.00112495 0.00112495 0.00112495]
[0.00112495 0.00112495 0.00112495 0.00112495 0.00112495]
[0.00112495 0.00112495 0.00112495 0.00112495 0.00112495]
[0.00112495 0.00112495 0.00112495 0.00112495 0.00112495]
Optimal F_prime for r =  2.6 and R =  100 is:  1
[0.03309309 0.03309309 0.03309309 0.12959092 0.10550025]
[0.00110993 0.00110993 0.00110993 0.00110993 0.00110993]
[0.00110993 0.00110993 0.00110993 0.00110993 0.00110993]
[0.00110993 0.00110993 0.00110993 0.00110993 0.00110993]
[0.00110993 0.00110993 0.00110993 0.00110993 0.00110993]
Optimal F_prime for r =  3.2 and R =  100 is:  1
[0.03703274 0.04192116 0.16479918 0.12442519 0.10613356]
[0.00077946 0.00077946 0.00077946 0.00077946 0.00077946]
[0.00077946 0.00077946 0.00077946 0.00077946 0.00077946]
[0.00077946 0.00077946 0.00077946 0.00077946 0.00077946]
[0.00077946 0.00077946 0.00077946 0.00077946 0.00077946]
Optimal F_prime for r =  4.4 and R =  100 is:  1
[0.03674224 0.03674224 0.16197641 0.12346799 0.10557786]
[0.00080385 0.00080385 0.00080385 0.00080385 0.00080385]
[0.00080385 0.00080385 0.00080385 0.00080385 0.00080385]
[0.00080385 0.00080385 0.00080385 0.00080385 0.00080385]
[0.00080385 0.00080385 0.00080385 0.00080385 0.00080385]
Optimal F_prime for r =  3.8 and R =  100 is:  1
[0.02991533 0.02991533 0.02991533 0.02991533 0.10117288]
[0.00137826 0.00137826 0.00137826 0.00137826 0.00137826]
[0.00137826 0.00137826 0.00137826 0.00137826 0.00137826]
[0.00137826 0.00137826 0.00137826 0.00137826 0.00137826]
[0.00137826 0.00137826 0.00137826 0.00137826 0.00137826]
Optimal F_prime for r =  2.0 and R =  100 is:  1
 86%|███████████████████████████████████████████████████████████████████████████████████████████████████████████████████████████████████████████████████████████████▎                         | 31/36 [11:54:20<1:31:15, 1095.09s/it][0.04028113 0.18928749 0.13220715 0.10999326 0.10007972]
[0.00046223 0.00046223 0.00046223 0.00046223 0.00046223]
[0.00046223 0.00046223 0.00046223 0.00046223 0.00046223]
[0.00046223 0.00046223 0.00046223 0.00046223 0.00046223]
[0.00046223 0.00046223 0.00046223 0.00046223 0.00046223]
Optimal F_prime for r =  5.0 and R =  100 is:  1
100%|███████████████████████████████████████████████████████████████████████████████████████████████████████████████████████████████████████████████████████████████████████████████████████████| 36/36 [11:54:23<00:00, 1190.65s/it] 
Temps d'exécution : 42863.54 secondes
[[1. 1. 1. 1. 1. 1.]
 [1. 1. 1. 1. 1. 1.]
 [1. 1. 1. 1. 1. 1.]
 [1. 1. 1. 1. 1. 1.]
 [1. 1. 1. 1. 1. 1.]
 [1. 1. 1. 1. 1. 1.]]